0 3.6748576164245605 0.8888289944626356
0 3.6154391765594482 0.9034365786533077
0 3.8575308322906494 0.8467385335350435
0.1 4.018906831741333 0.8127384228473771
0.1 3.9191746711730957 0.8334203688406462
0.1 3.8561460971832275 0.8470425958150097
0.2 4.3866002559661865 0.7446130965677804
0.2 4.420364141464233 0.7389255489974274
0.2 4.425674676895142 0.7380388841168747
0.3 5.077943563461304 0.6432367668485
0.3 5.2435290813446045 0.6229239791233148
0.3 5.137170791625977 0.635820791733142
0.4 6.179945230484009 0.5285354284190289
0.4 5.6897032260894775 0.5740756363218853
0.4 5.817425489425659 0.561471737959892
0.5 6.9958109855651855 0.4668965480541949
0.5 7.010043382644653 0.46594861425347234
0.5 7.226170539855957 0.45201258148899287
0.6 8.951777458190918 0.36487949072184567
0.6 9.043710470199585 0.3611703416162012
0.6 8.79084038734436 0.37155947054872285
0.7 11.770042896270752 0.2775113080543579
0.7 11.67703628540039 0.2797216622580703
0.7 12.25385046005249 0.2665545830388735
0.8 16.8038227558136 0.19437957942456607
0.8 17.60652446746826 0.18551759071105767
0.8 17.860919952392578 0.1828752387170548
0.9 33.24160146713257 0.09826000721504209
0.9 32.076690912246704 0.10182845883123615
0.9 35.15573048591614 0.0929100307361991
