128 4.4887542724609375 0.7276673664315458
128 4.6671741008758545 0.6998496155065297
128 4.770947456359863 0.684627116495669
512 2.860412359237671 1.1419052883936314
512 2.9230082035064697 1.1174515336911097
512 2.8846275806427 1.1323194792695763
1024 2.6550400257110596 1.2302338075393913
1024 2.6731953620910645 1.2218785227298066
1024 2.679067850112915 1.2192001781001305
2048 2.578444719314575 1.2667791461778097
2048 2.555988073348999 1.2779089362965157
2048 2.5571186542510986 1.27734393340328
4096 2.5546047687530518 1.278600917039057
4096 2.540266752243042 1.2858177185981972
4096 2.5321764945983887 1.2899258827209232
