128 7.874929666519165 0.4147744980995826
128 8.98759412765503 0.3634254010146564
128 9.320280313491821 0.35045297889503935
512 6.252340316772461 0.5224155811285264
512 6.035925626754761 0.5411464954971869
512 6.098536252975464 0.5355908146657927
1024 5.609591722488403 0.5822741050664321
1024 5.699478626251221 0.5730910165985467
1024 5.1053361892700195 0.6397854869704538
2048 6.168713808059692 0.529497736745772
2048 5.5369932651519775 0.5899086098870931
2048 5.208243131637573 0.6271443013400577
4096 5.426621437072754 0.6019067366088335
4096 5.90428352355957 0.5532119158855711
4096 5.645373106002808 0.5785835477422873
